method_category,description,method_name_examples
culture,Bacterial or fungal culture method,"BLOOD CULTURE, CULTURE URINE"
gram_stain,Gram stain microscopy method,"GRAM STAIN ONLY, CULTURE_STAIN"
smear,Microscopic smear examination,"SMEAR, MALARIA SMEAR"
